day,cycle,susceptible,latent,infected,recovered,dead
0,0,9195,10,0,0,0
0,1,9195,10,0,0,0
0,2,9195,10,0,0,0
0,3,9195,10,0,0,0
1,4,9195,10,0,0,0
1,5,9195,10,0,0,0
1,6,9195,10,0,0,0
1,7,9195,9,1,0,0
2,8,9195,9,1,0,0
2,9,9195,9,1,0,0
2,10,9195,9,1,0,0
2,11,9195,9,1,0,0
3,12,9195,8,2,0,0
3,13,9180,23,2,0,0
3,14,9159,44,2,0,0
3,15,9122,80,3,0,0
4,16,9089,112,4,0,0
4,17,9050,149,6,0,0
4,18,9038,157,10,0,0
4,19,8986,207,12,0,0
5,20,8932,253,20,0,0
5,21,8838,344,23,0,0
5,22,8728,449,28,0,0
5,23,8600,573,32,0,0
6,24,8496,664,45,0,0
6,25,8417,731,57,0,0
6,26,8282,852,71,0,0
6,27,8193,930,82,0,0
7,28,8119,984,102,0,0
7,29,8021,1065,119,0,0
7,30,7886,1178,141,0,0
7,31,7736,1299,170,0,0
8,32,7577,1431,197,0,0
8,33,7421,1550,234,0,0
8,34,7243,1674,288,0,0
8,35,7037,1831,337,0,0
9,36,6812,2009,384,0,0
9,37,6606,2173,426,0,0
9,38,6399,2314,492,0,0
9,39,6097,2544,564,0,0
10,40,5809,2760,636,0,0
10,41,5595,2912,698,0,0
10,42,5372,3064,769,0,0
10,43,5103,3248,854,0,0
11,44,4835,3416,954,0,0
11,45,4621,3531,1053,0,0
11,46,4422,3630,1153,0,0
11,47,4166,3789,1250,0,0
12,48,3916,3926,1363,0,0
12,49,3721,4005,1479,0,0
12,50,3513,4068,1624,0,0
12,51,3283,4162,1760,0,0
13,52,3073,4212,1920,0,0
13,53,2904,4235,2066,0,0
13,54,2759,4215,2231,0,0
13,55,2624,4185,2396,0,0
14,56,2455,4178,2572,0,0
14,57,2320,4118,2767,0,0
14,58,2177,4095,2933,0,0
14,59,2029,4086,3090,0,0
15,60,1862,4067,3276,0,0
15,61,1769,4009,3427,0,0
15,62,1668,3942,3595,0,0
15,63,1558,3855,3792,0,0
16,64,1457,3811,3937,0,0
16,65,1373,3731,4100,1,0
16,66,1285,3650,4268,2,0
16,67,1188,3582,4431,4,0
17,68,1086,3525,4590,4,0
17,69,1027,3423,4750,5,0
17,70,969,3321,4910,5,0
17,71,904,3232,5064,5,0
18,72,847,3141,5212,5,0
18,73,788,3049,5363,5,0
18,74,751,2925,5523,6,0
18,75,690,2835,5673,7,0
19,76,640,2739,5817,9,0
19,77,604,2643,5946,12,0
19,78,562,2551,6077,15,0
19,79,528,2455,6204,18,0
20,80,496,2366,6324,19,0
20,81,465,2265,6446,29,0
20,82,439,2167,6565,34,0
20,83,416,2076,6674,39,0
21,84,378,2004,6780,42,1
21,85,349,1921,6884,50,1
21,86,324,1856,6965,59,1
21,87,308,1776,7051,69,1
22,88,286,1703,7133,82,1
22,89,264,1628,7223,89,1
22,90,249,1557,7294,104,1
22,91,234,1485,7369,116,1
23,92,218,1438,7417,131,1
23,93,208,1391,7462,143,1
23,94,192,1332,7520,160,1
23,95,183,1257,7594,169,2
24,96,172,1199,7649,183,2
24,97,159,1147,7689,208,2
24,98,149,1098,7724,232,2
24,99,147,1043,7756,255,4
25,100,141,997,7789,274,4
25,101,133,957,7811,300,4
25,102,125,918,7830,328,4
25,103,116,866,7859,359,5
26,104,112,834,7863,390,6
26,105,110,788,7873,428,6
26,106,105,753,7885,456,6
26,107,100,709,7895,495,6
27,108,95,683,7876,544,7
27,109,87,653,7874,584,7
27,110,84,622,7867,624,8
27,111,82,596,7846,673,8
28,112,79,568,7827,722,9
28,113,75,541,7799,780,10
28,114,73,512,7781,829,10
28,115,70,479,7764,882,10
29,116,67,457,7730,939,12
29,117,63,434,7699,995,14
29,118,62,421,7639,1068,15
29,119,60,399,7595,1135,16
30,120,58,381,7557,1191,18
30,121,58,362,7518,1248,19
30,122,56,341,7448,1341,19
30,123,54,327,7394,1410,20
31,124,53,311,7342,1479,20
31,125,52,292,7289,1551,21
31,126,52,276,7225,1631,21
31,127,49,272,7138,1722,24
32,128,48,255,7073,1805,24
32,129,46,243,7010,1882,24
32,130,46,228,6924,1982,25
32,131,46,216,6852,2064,27
33,132,45,207,6775,2150,28
33,133,44,193,6679,2261,28
33,134,41,183,6593,2359,29
33,135,40,174,6505,2454,32
34,136,38,160,6431,2543,33
34,137,38,148,6349,2637,33
34,138,36,143,6257,2733,36
34,139,36,139,6167,2826,37
35,140,36,130,6085,2917,37
35,141,35,120,6001,3012,37
35,142,35,110,5910,3112,38
35,143,35,106,5803,3220,41
36,144,35,100,5697,3332,41
36,145,34,91,5610,3429,41
36,146,34,88,5503,3536,44
36,147,33,84,5400,3642,46
37,148,33,78,5323,3725,46
37,149,31,78,5224,3825,47
37,150,31,73,5137,3917,47
37,151,31,71,5057,3998,48
38,152,31,69,4969,4086,50
38,153,30,69,4867,4188,51
38,154,30,66,4775,4282,52
38,155,30,62,4666,4394,53
39,156,29,59,4554,4507,56
39,157,29,55,4470,4594,57
39,158,29,51,4383,4685,57
39,159,29,48,4291,4777,60
40,160,29,47,4215,4854,60
40,161,29,45,4128,4941,62
40,162,29,42,4050,5022,62
40,163,29,37,3974,5103,62
41,164,29,36,3883,5194,63
41,165,29,33,3773,5306,64
41,166,29,32,3688,5390,66
41,167,29,30,3608,5471,67
42,168,29,29,3506,5571,70
42,169,28,29,3424,5653,71
42,170,28,27,3352,5726,72
42,171,28,24,3274,5805,74
43,172,28,22,3194,5884,77
43,173,28,20,3120,5959,78
43,174,28,20,3029,6050,78
43,175,28,20,2949,6130,78
44,176,28,19,2868,6212,78
44,177,28,19,2786,6291,81
44,178,28,18,2701,6377,81
44,179,28,17,2634,6445,81
45,180,28,16,2573,6506,82
45,181,28,16,2497,6582,82
45,182,28,16,2434,6642,85
45,183,28,16,2376,6700,85
46,184,28,16,2297,6778,86
46,185,28,16,2224,6850,87
46,186,28,16,2144,6929,88
46,187,28,16,2084,6989,88
47,188,27,15,2041,7033,89
47,189,25,16,1988,7084,92
47,190,25,13,1929,7141,97
47,191,25,11,1866,7204,99
48,192,25,11,1807,7262,100
48,193,25,11,1748,7321,100
48,194,25,10,1714,7356,100
48,195,25,10,1671,7399,100
49,196,25,10,1630,7439,101
49,197,25,10,1577,7491,102
49,198,25,10,1548,7520,102
49,199,25,10,1490,7578,102
50,200,25,7,1437,7633,103
50,201,25,6,1388,7683,103
50,202,25,6,1345,7725,104
50,203,25,6,1322,7748,104
51,204,24,7,1285,7785,104
51,205,24,7,1243,7825,106
51,206,24,7,1203,7865,106
51,207,24,7,1162,7904,108
52,208,24,6,1133,7934,108
52,209,24,6,1082,7984,109
52,210,24,5,1048,8018,110
52,211,24,5,1015,8051,110
53,212,24,5,977,8089,110
53,213,24,5,950,8116,110
53,214,24,5,926,8140,110
53,215,24,5,885,8181,110
54,216,24,5,860,8206,110
54,217,24,5,839,8226,111
54,218,24,4,810,8255,112
54,219,24,3,776,8290,112
55,220,24,3,750,8316,112
55,221,24,3,715,8351,112
55,222,24,2,686,8381,112
55,223,24,2,669,8398,112
56,224,24,1,644,8424,112
56,225,24,1,619,8449,112
56,226,24,1,602,8466,112
56,227,24,1,585,8483,112
57,228,24,1,564,8504,112
57,229,24,1,548,8520,112
57,230,24,1,529,8539,112
57,231,24,1,498,8570,112
58,232,24,1,478,8590,112
58,233,24,1,463,8604,113
58,234,24,1,450,8617,113
58,235,24,1,437,8630,113
59,236,24,1,419,8648,113
59,237,24,1,404,8663,113
59,238,24,1,390,8677,113
59,239,24,1,372,8695,113
60,240,24,1,360,8707,113
60,241,24,1,345,8722,113
60,242,24,1,337,8730,113
60,243,24,1,326,8740,114
61,244,24,1,315,8751,114
61,245,24,1,300,8765,115
61,246,24,1,286,8779,115
61,247,24,1,279,8786,115
62,248,24,1,269,8794,117
62,249,24,1,261,8802,117
62,250,24,1,252,8811,117
62,251,24,1,248,8815,117
63,252,24,1,243,8820,117
63,253,24,1,234,8829,117
63,254,24,1,221,8842,117
63,255,24,1,214,8849,117
64,256,24,1,211,8852,117
64,257,24,1,205,8858,117
64,258,24,1,198,8865,117
64,259,24,1,191,8871,118
65,260,24,1,186,8875,119
65,261,24,1,181,8880,119
65,262,24,1,172,8889,119
65,263,24,1,165,8896,119
66,264,24,1,160,8901,119
66,265,24,1,154,8906,120
66,266,24,1,147,8913,120
66,267,24,1,140,8920,120
67,268,24,1,138,8922,120
67,269,24,1,131,8929,120
67,270,24,1,127,8933,120
67,271,24,1,118,8942,120
68,272,24,1,114,8946,120
68,273,24,1,111,8949,120
68,274,24,1,104,8956,120
68,275,24,1,100,8960,120
69,276,24,1,98,8962,120
69,277,24,1,96,8964,120
69,278,24,1,93,8967,120
69,279,24,1,89,8971,120
70,280,24,1,88,8972,120
70,281,24,1,85,8975,120
70,282,24,1,80,8980,120
70,283,24,1,77,8983,120
71,284,24,1,75,8985,120
71,285,24,1,74,8986,120
71,286,24,1,68,8992,120
71,287,24,1,65,8995,120
72,288,24,1,64,8996,120
72,289,24,1,62,8998,120
72,290,24,1,58,9002,120
72,291,24,1,50,9010,120
73,292,24,1,46,9014,120
73,293,24,1,44,9016,120
73,294,24,1,44,9016,120
73,295,24,1,40,9020,120
74,296,24,1,40,9020,120
74,297,24,1,36,9024,120
74,298,24,1,34,9026,120
74,299,24,1,33,9027,120
75,300,24,1,32,9028,120
75,301,24,1,32,9028,120
75,302,24,1,32,9028,120
75,303,24,1,31,9029,120
76,304,24,1,27,9033,120
76,305,24,1,26,9034,120
76,306,24,1,24,9036,120
76,307,24,1,23,9037,120
77,308,24,1,23,9037,120
77,309,24,1,20,9040,120
77,310,24,1,19,9041,120
77,311,24,1,19,9041,120
78,312,24,1,19,9041,120
78,313,24,1,19,9041,120
78,314,24,1,18,9042,120
78,315,24,1,18,9042,120
79,316,24,1,17,9043,120
79,317,24,1,16,9044,120
79,318,24,1,14,9046,120
79,319,24,1,13,9047,120
80,320,24,1,12,9048,120
80,321,24,1,12,9048,120
80,322,24,1,11,9049,120
80,323,24,1,10,9050,120
81,324,24,1,10,9050,120
81,325,24,1,10,9050,120
81,326,24,1,10,9050,120
81,327,24,1,10,9050,120
82,328,24,1,10,9050,120
82,329,24,1,9,9051,120
82,330,24,1,9,9051,120
82,331,24,1,9,9051,120
83,332,24,1,8,9052,120
83,333,24,1,8,9052,120
83,334,24,1,8,9052,120
83,335,24,1,8,9052,120
84,336,24,1,7,9053,120
84,337,24,1,6,9054,120
84,338,24,1,5,9055,120
84,339,24,1,5,9055,120
85,340,24,1,5,9055,120
85,341,24,1,5,9055,120
85,342,24,1,5,9055,120
85,343,24,1,5,9055,120
86,344,24,1,5,9055,120
86,345,24,1,4,9056,120
86,346,24,1,4,9056,120
86,347,24,1,4,9056,120
87,348,24,1,3,9057,120
87,349,24,1,3,9057,120
87,350,24,1,3,9057,120
87,351,24,1,3,9057,120
88,352,24,1,3,9057,120
88,353,24,1,3,9057,120
88,354,24,1,3,9057,120
88,355,24,1,3,9057,120
89,356,24,1,3,9057,120
89,357,24,1,3,9057,120
89,358,24,1,3,9057,120
89,359,24,1,3,9057,120
90,360,24,1,3,9057,120
90,361,24,1,3,9057,120
90,362,24,1,3,9057,120
90,363,24,1,2,9058,120
91,364,24,1,2,9058,120
91,365,24,1,2,9058,120
91,366,24,1,2,9058,120
91,367,24,1,2,9058,120
92,368,24,1,2,9058,120
92,369,24,1,2,9058,120
92,370,24,1,2,9058,120
92,371,24,1,2,9058,120
93,372,24,1,1,9059,120
93,373,24,1,1,9059,120
93,374,24,1,1,9059,120
93,375,24,1,1,9059,120
94,376,24,1,1,9059,120
94,377,24,1,1,9059,120
94,378,24,1,1,9059,120
94,379,24,1,1,9059,120
95,380,24,1,1,9059,120
95,381,24,0,2,9059,120
95,382,24,0,2,9059,120
95,383,24,0,2,9059,120
96,384,24,0,2,9059,120
96,385,24,0,2,9059,120
96,386,24,0,2,9059,120
96,387,24,0,2,9059,120
97,388,24,0,2,9059,120
97,389,24,0,2,9059,120
97,390,24,0,2,9059,120
97,391,24,0,2,9059,120
98,392,24,0,2,9059,120
98,393,24,0,2,9059,120
98,394,24,0,2,9059,120
98,395,24,0,2,9059,120
99,396,24,0,1,9059,121
99,397,24,0,1,9059,121
99,398,24,0,1,9059,121
99,399,24,0,1,9059,121
100,400,24,0,1,9059,121
100,401,24,0,1,9059,121
100,402,24,0,1,9059,121
100,403,24,0,1,9059,121
101,404,24,0,1,9059,121
101,405,24,0,1,9059,121
101,406,24,0,1,9059,121
101,407,24,0,1,9059,121
102,408,24,0,1,9059,121
102,409,24,0,1,9059,121
102,410,24,0,1,9059,121
102,411,24,0,1,9059,121
103,412,24,0,1,9059,121
103,413,24,0,1,9059,121
103,414,24,0,1,9059,121
103,415,24,0,1,9059,121
104,416,24,0,1,9059,121
104,417,24,0,1,9059,121
104,418,24,0,1,9059,121
104,419,24,0,1,9059,121
105,420,24,0,1,9059,121
105,421,24,0,1,9059,121
105,422,24,0,1,9059,121
105,423,24,0,1,9059,121
106,424,24,0,1,9059,121
106,425,24,0,1,9059,121
106,426,24,0,1,9059,121
106,427,24,0,1,9059,121
107,428,24,0,1,9059,121
107,429,24,0,1,9059,121
107,430,24,0,1,9059,121
107,431,24,0,1,9059,121
108,432,24,0,1,9059,121
108,433,24,0,1,9059,121
108,434,24,0,1,9059,121
108,435,24,0,1,9059,121
109,436,24,0,1,9059,121
109,437,24,0,1,9059,121
109,438,24,0,1,9059,121
109,439,24,0,1,9059,121
110,440,24,0,1,9059,121
110,441,24,0,1,9059,121
110,442,24,0,1,9059,121
110,443,24,0,1,9059,121
111,444,24,0,1,9059,121
111,445,24,0,1,9059,121
111,446,24,0,1,9059,121
111,447,24,0,1,9059,121
112,448,24,0,1,9059,121
112,449,24,0,1,9059,121
112,450,24,0,1,9059,121
112,451,24,0,1,9059,121
113,452,24,0,1,9059,121
113,453,24,0,1,9059,121
113,454,24,0,1,9059,121
113,455,24,0,1,9059,121
114,456,24,0,1,9059,121
114,457,24,0,1,9059,121
114,458,24,0,1,9059,121
114,459,24,0,1,9059,121
115,460,24,0,1,9059,121
115,461,24,0,1,9059,121
115,462,24,0,1,9059,121
115,463,24,0,1,9059,121
116,464,24,0,1,9059,121
116,465,24,0,1,9059,121
116,466,24,0,0,9060,121
116,467,24,0,0,9060,121
117,468,24,0,0,9060,121
117,469,24,0,0,9060,121
117,470,24,0,0,9060,121
117,471,24,0,0,9060,121
118,472,24,0,0,9060,121
118,473,24,0,0,9060,121
118,474,24,0,0,9060,121
118,475,24,0,0,9060,121
119,476,24,0,0,9060,121
119,477,24,0,0,9060,121
119,478,24,0,0,9060,121
119,479,24,0,0,9060,121
120,480,24,0,0,9060,121
120,481,24,0,0,9060,121
120,482,24,0,0,9060,121
120,483,24,0,0,9060,121
121,484,24,0,0,9060,121
121,485,24,0,0,9060,121
121,486,24,0,0,9060,121
121,487,24,0,0,9060,121
122,488,24,0,0,9060,121
122,489,24,0,0,9060,121
122,490,24,0,0,9060,121
122,491,24,0,0,9060,121
123,492,24,0,0,9060,121
123,493,24,0,0,9060,121
123,494,24,0,0,9060,121
123,495,24,0,0,9060,121
124,496,24,0,0,9060,121
124,497,24,0,0,9060,121
124,498,24,0,0,9060,121
124,499,24,0,0,9060,121
125,500,24,0,0,9060,121
125,501,24,0,0,9060,121
125,502,24,0,0,9060,121
125,503,24,0,0,9060,121
126,504,24,0,0,9060,121
126,505,24,0,0,9060,121
126,506,24,0,0,9060,121
126,507,24,0,0,9060,121
127,508,24,0,0,9060,121
127,509,24,0,0,9060,121
127,510,24,0,0,9060,121
127,511,24,0,0,9060,121
128,512,24,0,0,9060,121
128,513,24,0,0,9060,121
128,514,24,0,0,9060,121
128,515,24,0,0,9060,121
129,516,24,0,0,9060,121
129,517,24,0,0,9060,121
129,518,24,0,0,9060,121
129,519,24,0,0,9060,121
130,520,24,0,0,9060,121
130,521,24,0,0,9060,121
130,522,24,0,0,9060,121
130,523,24,0,0,9060,121
131,524,24,0,0,9060,121
131,525,24,0,0,9060,121
131,526,24,0,0,9060,121
131,527,24,0,0,9060,121
132,528,24,0,0,9060,121
132,529,24,0,0,9060,121
132,530,24,0,0,9060,121
132,531,24,0,0,9060,121
133,532,24,0,0,9060,121
133,533,24,0,0,9060,121
133,534,24,0,0,9060,121
133,535,24,0,0,9060,121
134,536,24,0,0,9060,121
134,537,24,0,0,9060,121
134,538,24,0,0,9060,121
134,539,24,0,0,9060,121
135,540,24,0,0,9060,121
135,541,24,0,0,9060,121
135,542,24,0,0,9060,121
135,543,24,0,0,9060,121
136,544,24,0,0,9060,121
136,545,24,0,0,9060,121
136,546,24,0,0,9060,121
136,547,24,0,0,9060,121
137,548,24,0,0,9060,121
137,549,24,0,0,9060,121
137,550,24,0,0,9060,121
137,551,24,0,0,9060,121
138,552,24,0,0,9060,121
138,553,24,0,0,9060,121
138,554,24,0,0,9060,121
138,555,24,0,0,9060,121
139,556,24,0,0,9060,121
139,557,24,0,0,9060,121
139,558,24,0,0,9060,121
139,559,24,0,0,9060,121
140,560,24,0,0,9060,121
140,561,24,0,0,9060,121
140,562,24,0,0,9060,121
140,563,24,0,0,9060,121
141,564,24,0,0,9060,121
141,565,24,0,0,9060,121
141,566,24,0,0,9060,121
141,567,24,0,0,9060,121
142,568,24,0,0,9060,121
142,569,24,0,0,9060,121
142,570,24,0,0,9060,121
142,571,24,0,0,9060,121
143,572,24,0,0,9060,121
143,573,24,0,0,9060,121
143,574,24,0,0,9060,121
143,575,24,0,0,9060,121
144,576,24,0,0,9060,121
144,577,24,0,0,9060,121
144,578,24,0,0,9060,121
144,579,24,0,0,9060,121
145,580,24,0,0,9060,121
145,581,24,0,0,9060,121
145,582,24,0,0,9060,121
145,583,24,0,0,9060,121
146,584,24,0,0,9060,121
146,585,24,0,0,9060,121
146,586,24,0,0,9060,121
146,587,24,0,0,9060,121
147,588,24,0,0,9060,121
147,589,24,0,0,9060,121
147,590,24,0,0,9060,121
147,591,24,0,0,9060,121
148,592,24,0,0,9060,121
148,593,24,0,0,9060,121
148,594,24,0,0,9060,121
148,595,24,0,0,9060,121
149,596,24,0,0,9060,121
149,597,24,0,0,9060,121
149,598,24,0,0,9060,121
149,599,24,0,0,9060,121
150,600,24,0,0,9060,121
150,601,24,0,0,9060,121
150,602,24,0,0,9060,121
150,603,24,0,0,9060,121
151,604,24,0,0,9060,121
151,605,24,0,0,9060,121
151,606,24,0,0,9060,121
151,607,24,0,0,9060,121
152,608,24,0,0,9060,121
152,609,24,0,0,9060,121
152,610,24,0,0,9060,121
152,611,24,0,0,9060,121
153,612,24,0,0,9060,121
153,613,24,0,0,9060,121
153,614,24,0,0,9060,121
153,615,24,0,0,9060,121
154,616,24,0,0,9060,121
154,617,24,0,0,9060,121
154,618,24,0,0,9060,121
154,619,24,0,0,9060,121
155,620,24,0,0,9060,121
155,621,24,0,0,9060,121
155,622,24,0,0,9060,121
155,623,24,0,0,9060,121
156,624,24,0,0,9060,121
156,625,24,0,0,9060,121
156,626,24,0,0,9060,121
