0
0
0
0
0
0
4
11
23
50
86
104
143
205
318
475
620
870
1267
1832
2671
3816
4935
6400
8496
11167
14014
16883
19714
21605
23593
25507
27067
28429
29402
30314
31121
31936
32607
33098
33640
34018
34415
34815
35192
35513
35804
36017
36191
36377
36552
36727
36854
36970
37061
37161
37207
37286
37356
37421
37455
37493
37516
37545
37571
37596
37609
37631
37647
37663
37682
37701
37738
37760
37764
37771
37784
37791
37798
37805
37815
37822
37822
37826
37830
37830
37830
37837
37837
37837
37841
37841
37841
37845
37845
37845
37845
37845
37845
37845
37849
37849
37849
37849
37849
37849
37849
37849
37849
37849
