0
0
0
4
11
25
50
71
95
122
183
266
371
504
766
975
1314
1879
2655
3633
4921
6443
7814
9618
11922
14570
17080
19317
21360
22813
24334
25675
26806
27798
28753
29507
30226
30886
31527
32053
32550
32900
33207
33594
33953
34220
34445
34643
34791
34963
35109
35272
35367
35501
35605
35709
35809
35885
35952
36001
36053
36093
36115
36153
36187
36218
36238
36257
36285
36309
36328
36353
36360
36364
36371
36375
36382
36392
36396
36412
36416
36416
36420
36427
36431
36435
36435
36435
36446
36453
36457
36461
36461
36461
36461
36461
36465
36465
36465
36472
36476
36476
36476
36476
