0
0
0
0
4
18
41
59
77
114
190
302
449
688
1025
1368
1865
2617
3665
4998
6772
8869
10638
12980
15901
19175
22573
25800
28803
30941
33208
35436
37310
38858
40249
41328
42306
43417
44391
45186
45883
46602
47286
47843
48382
48861
49306
49687
49990
50307
50639
50942
51218
51421
51603
51763
51889
52023
52129
52248
52333
52426
52496
52551
52661
52743
52796
52868
52919
52956
52999
53025
53032
53058
53102
53131
53171
53191
53210
53220
53239
53246
53256
53272
53285
53285
53289
53302
53315
53325
53329
53340
53350
53358
53362
53366
53370
53377
53387
53391
53401
53401
53401
53405
53405
53410
53410
53410
53410
53410
53410
53410
53410
53417
