0
0
0
0
4
9
13
32
66
92
142
218
315
500
719
954
1280
1792
2504
3397
4713
6464
7812
9512
12122
15060
17988
20911
23608
25499
27467
29635
31582
33170
34501
35724
36651
37553
38348
39120
39723
40280
40792
41248
41783
42209
42506
42824
43083
43371
43551
43752
43976
44134
44274
44375
44500
44644
44732
44853
44958
45024
45073
45115
45179
45273
45332
45354
45391
45425
45450
45479
45510
45538
45551
45561
45568
45581
45585
45610
45620
45627
45631
45635
45642
45649
45649
45656
45656
45660
45660
45660
45667
45667
45667
45667
45667
45667
45671
45671
45671
45671
45671
45675
45679
45679
45679
